cannons=[
[450,350,450,350,3,false,false,0,355,355,-2,false,0,20],
[450,150,450,150,3,false,false,0,320,180,2,false,0,20],
[325,25,325,25,3,false,false,0,180,0,-2,false,0,20],
[325,225,325,225,3,false,false,0,315,100,-2,false,0,20],
[50,50,50,50,3,false,false,0,185,0,2,false,0,20],
[50,350,50,350,0,false,false,0,80,80,5,true,0,20]
];
enemys=[ 
[275,25,475,150,true,true,3,625],
[50,75,200,225,true,true,3,625],
[250,250,475,300,true,true,3,625]
];
items=[ 
[50,150,50,150,false,0,400],
[450,300,450,300,false,0,400],
[225,150,225,150,false,0,400],
[100,75,100,75,false,0,400],
[325,125,325,125,false,0,400],
[375,75,375,75,false,0,400],
[450,200,450,200,false,0,400]
];
walls=[ 
[150,300,25,125]
];
boundary:
[500,400]