cannons=[
[25,75,100,100,3,true,false,0,105,25,2,false,0,20],
[350,275,350,275,3,false,false,0,140,0,-2,false,0,20],
[375,50,375,50,3,false,false,0,270,0,2,false,0,20],
[400,375,400,375,0,false,false,0,80,80,5,true,0,20]
];
enemys=[ 
[200,175,250,200,true,true,3,625],
[300,225,300,275,true,true,3,625],
[225,250,225,300,true,true,3,625],
[100,200,125,250,true,true,3,625]
];
items=[ 
[150,125,150,125,false,0,400],
[250,75,250,75,false,0,400],
[375,175,375,175,false,0,400]
];
walls=[ 
[450,225,25,25]
];
boundary:
[500,425]