cannons=[
[75,0,175,50,3,true,false,0,155,80,2,false,0,20],
[300,25,450,75,3,true,false,0,255,0,2,false,0,20],
[425,150,475,225,3,true,false,0,240,200,2,false,0,20],
[150,225,325,375,3,true,false,0,90,0,2,false,0,20],
[450,375,450,375,0,false,false,0,80,80,5,true,0,20]
];
enemys=[ 
[100,200,300,350,true,true,3,625],
[200,75,400,200,true,true,3,625],
[175,25,325,150,true,true,3,625],
[200,25,275,100,true,true,3,625]
];
items=[ 
[250,275,250,275,false,0,400],
[375,200,375,200,false,0,400],
[200,225,200,225,false,0,400],
[350,275,350,275,false,0,400],
[75,150,75,150,false,0,400],
[425,100,425,100,false,0,400]
];
walls=[
];
boundary:
[500,425]
cannons=[
[75,0,175,50,3,true,false,0,155,80,-2,false,0,20],
[300,25,450,75,3,true,false,0,255,0,2,false,0,20],
[425,150,475,225,3,true,false,0,240,200,2,false,0,20],
[150,225,325,375,3,true,false,0,90,0,2,false,0,20],
[450,375,450,375,0,false,false,0,80,80,5,true,0,20]
];
enemys=[ 
[100,200,300,350,true,true,3,625],
[200,75,400,200,true,true,3,625],
[175,25,325,150,true,true,3,625],
[200,25,275,100,true,true,3,625]
];
items=[ 
[250,275,250,275,false,0,400],
[375,200,375,200,false,0,400],
[200,225,200,225,false,0,400],
[350,275,350,275,false,0,400],
[75,150,75,150,false,0,400],
[425,100,425,100,false,0,400]
];
walls=[
];
boundary:
[500,425]