cannons=[
[75,150,75,150,3,false,false,0,185,55,-2,false,0,20],
[75,375,75,375,3,true,false,0,0,0,2,false,0,20],
[200,75,200,75,3,true,false,0,225,80,2,false,0,20],
[450,75,450,75,3,true,false,0,275,175,2,false,0,20],
[450,375,450,375,0,false,false,0,80,80,5,true,0,20]
];
enemys=[ 
[50,250,150,275,true,true,3,625],
[325,225,475,225,true,true,3,625],
[200,50,300,150,true,true,3,625]
];
items=[ 
[450,300,450,300,false,0,400],
[450,150,450,150,false,0,400],
[325,75,325,75,false,0,400],
[75,250,75,250,false,0,400],
[125,125,125,125,false,0,400]
];
walls=[
];
boundary:
[500,425]